0.1453085056010722, 0.2351141009169893, 0.2351141009169893, 0.2351141009169893, 0.3804226065180614, 0.3804226065180614, 0.3804226065180614, 0.6155367074350507
0.2351141009169893, -0.1453085056010722, 0.3804226065180614, 0.3804226065180614, -0.2351141009169893, 0.6155367074350507, -0.2351141009169893, -0.3804226065180614
0.2351141009169893, 0.3804226065180614, -0.1453085056010722, 0.3804226065180614, 0.6155367074350507, -0.2351141009169893, -0.2351141009169893, -0.3804226065180614
0.2351141009169893, 0.3804226065180614, 0.3804226065180614, -0.1453085056010722, -0.2351141009169893, -0.2351141009169893, 0.6155367074350507, -0.3804226065180614
0.3804226065180614, -0.2351141009169893, 0.6155367074350507, -0.2351141009169893, 0.1453085056010722, -0.3804226065180614, -0.3804226065180614, 0.2351141009169893
0.3804226065180614, 0.6155367074350507, -0.2351141009169893, -0.2351141009169893, -0.3804226065180614, 0.1453085056010722, -0.3804226065180614, 0.2351141009169893
0.3804226065180614, -0.2351141009169893, -0.2351141009169893, 0.6155367074350507, -0.3804226065180614, -0.3804226065180614, 0.1453085056010722, 0.2351141009169893
0.6155367074350507, -0.3804226065180614, -0.3804226065180614, -0.3804226065180614, 0.2351141009169893, 0.2351141009169893, 0.2351141009169893, -0.1453085056010722