0.1639926388028409, 0.1639926388028409, 0.2319206139243299, 0.2955045242530518, 0.2955045242530518, 0.3684881145497891, 0.3684881145497891, 0.4179065059412750, 0.5211208891696024
0.1639926388028409, 0.1639926388028409, -0.2319206139243299, 0.2955045242530518, 0.2955045242530518, 0.3684881145497891, 0.3684881145497891, -0.4179065059412750, -0.5211208891696024
0.2319206139243299, -0.2319206139243299, 0, 0.4179065059412750, -0.4179065059412750, 0.5211208891696024, -0.5211208891696024, 0, 0
0.2955045242530518, 0.2955045242530518, 0.4179065059412750, -0.3684881145497891, -0.3684881145497891, 0.1639926388028409, 0.1639926388028409, -0.5211208891696024, 0.2319206139243299
0.2955045242530518, 0.2955045242530518, -0.4179065059412750, -0.3684881145497891, -0.3684881145497891, 0.1639926388028409, 0.1639926388028409, 0.5211208891696024, -0.2319206139243299
0.3684881145497891, 0.3684881145497891, 0.5211208891696024, 0.1639926388028409, 0.1639926388028409, -0.2955045242530518, -0.2955045242530518, 0.2319206139243299, -0.4179065059412750
0.3684881145497891, 0.3684881145497891, -0.5211208891696024, 0.1639926388028409, 0.1639926388028409, -0.2955045242530518, -0.2955045242530518, -0.2319206139243299, 0.4179065059412750
0.4179065059412750, -0.4179065059412750, 0, -0.5211208891696024, 0.5211208891696024, 0.2319206139243299, -0.2319206139243299, 0, 0
0.5211208891696024, -0.5211208891696024, 0, 0.2319206139243299, -0.2319206139243299, -0.4179065059412750, 0.4179065059412750, 0, 0