"0.07552117744075800, 0.2183796409147619, 0.3375732817863922, 0.4201856195873114, 0.4572643256542938, 0.4447913468495785, 0.3841183239648634, 0.2818201204686573, 0.1489823340299487
0.2183796409147619, 0.4572643256542938, 0.2818201204686573, -0.1489823340299487, -0.4447913468495785, -0.3375732817863922, 0.07552117744075800, 0.4201856195873114, 0.3841183239648634
0.3375732817863922, 0.2818201204686573, -0.3841183239648634, -0.2183796409147619, 0.4201856195873114, 0.1489823340299487, -0.4447913468495785, -0.07552117744075800, 0.4572643256542938
0.4201856195873114, -0.1489823340299487, -0.2183796409147619, 0.4447913468495785, -0.3841183239648634, 0.07552117744075800, 0.2818201204686573, -0.4572643256542938, 0.3375732817863922
0.4572643256542938, -0.4447913468495785, 0.4201856195873114, -0.3841183239648634, 0.3375732817863922, -0.2818201204686573, 0.2183796409147619, -0.1489823340299487, 0.07552117744075800
0.4447913468495785, -0.3375732817863922, 0.1489823340299487, 0.07552117744075800, -0.2818201204686573, 0.4201856195873114, -0.4572643256542938, 0.3841183239648634, -0.2183796409147619
0.3841183239648634, 0.07552117744075800, -0.4447913468495785, 0.2818201204686573, 0.2183796409147619, -0.4572643256542938, 0.1489823340299487, 0.3375732817863922, -0.4201856195873114
0.2818201204686573, 0.4201856195873114, -0.07552117744075800, -0.4572643256542938, -0.1489823340299487, 0.3841183239648634, 0.3375732817863922, -0.2183796409147619, -0.4447913468495785
0.1489823340299487, 0.3841183239648634, 0.4572643256542938, 0.3375732817863922, 0.07552117744075800, -0.2183796409147619, -0.4201856195873114, -0.4447913468495785, -0.2818201204686573"
